Num-Star-FormingStar-WindStar-AGN
0 0 0 0 0
2 0 0 0 0
4 0 0 0 0
6 0 0 0 0
8 0 0 0 0
10 0 0 0 0
12 0 0 0 0
14 0 0 0 0
16 0 0 0 0
18 0 0 0 0
20 0 0 0 0
22 0 0 0 0
24 0 0 0 0
26 0 0 0 0
28 0 0 0 0
30 0 0 0 0
32 0 0 0 0
34 0 0 0 0
36 0 0 0 0
38 0 0 0 0
40 0 0 0 0
42 0 0 0 0
44 0 0 0 0
46 0 0 0 0
48 0 0 0 0
50 0 0 0 0
52 0 0 0 0
54 0 0 0 0
56 0 0 0 0
58 0 0 0 0
60 0 0 0 0
62 0 0 0 0
64 0 0 0 0
66 0 0 0 0
68 0 0 0 0
70 0 0 0 0
72 0 0 0 0
74 0 0 0 0
76 0 0 0 0
78 0 0 0 0
80 0 0 0 0
82 0 0 0 0
84 0 0 0 0
86 0 0 0 0
88 0 0 0 0
90 0 0 0 0
92 0 0 0 0
94 0 0 0 0
96 0 0 0 0
98 0 0 0 0
100 0 0 0 0
102 0 0 0 0
104 0 0 0 0
106 0 0 0 0
108 0 0 0 0
110 0 0 0 0
112 0 0 0 0
114 0 0 0 0
116 0 0 0 0
118 0 0 0 0
120 0 0 0 0
122 0 0 0 0
124 0 0 0 0
126 0 0 0 0
128 0 0 0 0
130 0 0 0 0
132 0 0 0 0
134 0 0 0 0
136 0 0 0 0
138 0 0 0 0
140 0 0 0 0
142 0 0 0 0
144 0 0 0 0
146 0 0 0 0
148 0 0 0 0
150 0 0 0 0
152 0 0 0 0
154 0 0 0 0
156 0 3 0 0
158 0 8 0 0
160 0 12 0 1
162 0 19 0 1
164 0 30 0 0
166 0 27 1 0
168 0 32 1 0
170 1 45 3 1
172 2 59 2 1
174 2 91 2 2
176 5 85 2 2
178 7 92 2 3
180 8 118 5 3
182 10 112 6 3
184 15 122 11 3
186 18 124 5 3
188 20 138 3 3
190 26 186 9 3
192 30 126 3 3
194 36 193 11 3
196 39 152 7 3
198 40 221 12 3
200 44 149 12 4
202 48 198 13 4
204 54 204 18 4
206 58 173 8 3
208 62 225 14 3
210 64 250 10 4
212 70 298 11 4
214 74 273 7 6
216 85 344 16 6
218 87 235 15 7
220 93 357 18 7
222 99 278 18 8
224 109 324 19 8
226 117 391 16 9
228 124 389 17 9
230 132 370 18 9
232 139 444 12 9
234 149 422 28 9
236 157 432 14 9
238 168 398 17 15
240 177 401 16 15
242 186 461 18 12
244 197 483 21 12
246 212 404 27 13
248 218 425 19 13
250 228 481 28 16
252 238 517 19 16
254 255 457 22 16
256 265 498 17 16
258 276 565 20 16
260 294 576 19 16
262 311 539 33 15
264 327 551 24 15
266 345 530 29 18
268 356 544 33 18
270 375 570 28 18
272 386 602 34 18
274 399 544 36 18
276 409 524 24 18
278 426 547 33 16
280 444 573 22 16
282 460 520 35 17
284 471 564 17 17
286 490 563 18 20
288 499 622 30 20
290 523 583 23 20
292 542 494 30 20
294 556 580 23 15
296 570 643 28 15
298 586 544 25 18
300 598 616 27 18
302 612 578 36 22
304 627 566 29 22
306 640 571 23 18
308 653 679 23 18
310 668 571 13 27
312 679 678 18 27
314 688 665 25 19
316 700 697 22 19
318 720 653 24 21
320 740 718 13 21
322 749 669 28 20
324 758 556 21 19
326 771 691 16 19
328 783 711 30 19
330 796 674 26 19
332 809 639 17 20
334 822 711 15 20
336 839 592 16 24
338 851 576 19 24
340 862 639 21 16
342 873 696 23 16
344 890 618 25 23
346 902 486 19 23
348 907 447 17 19
350 922 585 17 19
352 932 556 14 17
354 950 605 18 17
356 961 535 25 19
358 969 600 17 19
360 980 573 18 18
362 993 659 13 18
364 1005 653 11 17
366 1017 624 18 17
368 1028 492 10 18
370 1036 441 14 16
372 1045 583 11 16
374 1053 649 31 14
376 1070 629 23 14
378 1081 561 14 21
380 1088 542 22 21
382 1096 490 21 17
384 1108 490 15 17
386 1116 486 17 13
388 1123 598 13 13
390 1133 562 18 16
392 1145 460 26 16
394 1152 399 12 11
396 1161 565 14 11
398 1169 509 16 20
400 1175 564 17 20
402 1188 470 17 15
404 1193 492 26 15
406 1199 452 16 17
408 1210 460 17 17
410 1217 534 22 11
412 1223 659 17 11
414 1238 536 6 20
416 1250 502 20 20
418 1257 548 15 11
420 1269 614 22 11
422 1281 538 17 13
424 1290 469 18 16
426 1298 482 16 16
428 1305 484 13 19
430 1312 545 16 19
432 1324 559 16 14
434 1336 521 13 14
436 1346 461 23 14
438 1357 470 12 14
440 1368 436 17 16
442 1378 433 14 16
444 1384 445 17 16
446 1393 443 12 16
448 1402 478 23 15
450 1409 415 13 15
452 1416 442 13 15
454 1423 465 12 15
456 1427 397 10 17
458 1431 457 13 17
460 1438 490 16 13
462 1446 459 16 13
464 1454 396 12 12
466 1462 432 10 12
468 1469 399 21 17
470 1477 406 10 17
472 1486 428 21 17
474 1497 453 16 17
476 1506 484 20 15
478 1508 470 12 15
480 1511 374 12 15
482 1513 359 18 15
484 1522 392 9 12
486 1531 448 19 12
488 1538 449 16 18
490 1544 453 14 18
492 1547 456 15 11
494 1553 474 7 11
496 1564 460 18 13
498 1571 449 17 13
500 1579 445 14 16
502 1583 451 8 16
504 1590 411 18 22
506 1596 410 13 22
508 1600 396 15 14
510 1606 389 14 14
512 1615 382 15 11
514 1621 421 12 11
516 1625 392 19 20
518 1631 405 15 20
520 1635 483 12 20
522 1642 363 16 20
524 1650 275 12 20
526 1652 250 13 14
528 1656 298 9 14
530 1661 321 3 16
532 1667 387 9 16
534 1674 431 12 15
536 1677 485 18 15
538 1681 394 9 20
540 1686 377 17 20
542 1695 304 19 14
544 1703 330 13 14
546 1708 378 13 15
548 1712 340 13 15
550 1716 332 11 14
552 1723 379 8 14
554 1729 369 18 15
556 1739 401 9 15
558 1746 433 10 15
560 1755 379 13 16
562 1761 414 7 16
564 1765 412 13 10
566 1768 394 16 10
568 1770 322 11 12
570 1774 376 16 12
572 1778 344 12 17
574 1779 404 13 17
576 1787 327 16 16
578 1789 330 10 16
580 1797 302 17 17
582 1803 292 13 17
584 1803 361 13 17
586 1808 345 17 18
588 1817 357 10 18
590 1821 312 11 17
592 1822 339 15 17
594 1825 315 14 15
596 1829 320 10 15
598 1835 351 12 14
600 1838 399 11 14
602 1841 382 13 14
604 1845 395 14 14
606 1848 386 19 14
608 1849 346 15 17
610 1855 377 11 17
612 1863 344 14 12
614 1867 341 13 12
616 1875 279 15 15
618 1877 267 12 15
620 1881 285 13 9
622 1883 292 10 9
624 1889 348 9 9
